channelID X Y Z
0 -167.12 -627.76 90
1 -167.12 -627.76 105
2 -167.12 -627.76 120
3 -167.12 -627.76 135
4 -167.12 -627.76 150
5 -167.12 -627.76 165
6 -167.12 -627.76 180
7 -167.12 -627.76 195
8 -167.12 -627.76 210
9 -167.12 -627.76 225
10 -167.12 -627.76 240
11 -167.12 -627.76 255
12 -167.12 -627.76 270
13 -167.12 -627.76 285
14 -167.12 -627.76 300
15 -167.12 -627.76 315
16 -167.12 -627.76 330
17 -167.12 -627.76 345
18 -167.12 -627.76 360
19 -167.12 -627.76 375
20 -167.12 -627.76 390
21 -167.12 -627.76 405
22 -167.12 -627.76 420
23 -167.12 -627.76 435
24 -167.12 -627.76 450
25 -167.12 -627.76 465
26 -167.12 -627.76 480
27 -167.12 -627.76 495
28 -167.12 -627.76 510
29 -167.12 -627.76 525
30 -167.12 -627.76 540
31 -167.12 -627.76 555
32 -167.12 -627.76 570
33 -167.12 -627.76 585
34 -167.12 -627.76 600
35 -167.12 -627.76 615
36 -123.26 -655.82 90
37 -123.26 -655.82 105
38 -123.26 -655.82 120
39 -123.26 -655.82 135
40 -123.26 -655.82 150
41 -123.26 -655.82 165
42 -123.26 -655.82 180
43 -123.26 -655.82 195
44 -123.26 -655.82 210
45 -123.26 -655.82 225
46 -123.26 -655.82 240
47 -123.26 -655.82 255
48 -123.26 -655.82 270
49 -123.26 -655.82 285
50 -123.26 -655.82 300
51 -123.26 -655.82 315
52 -123.26 -655.82 330
53 -123.26 -655.82 345
54 -123.26 -655.82 360
55 -123.26 -655.82 375
56 -123.26 -655.82 390
57 -123.26 -655.82 405
58 -123.26 -655.82 420
59 -123.26 -655.82 435
60 -123.26 -655.82 450
61 -123.26 -655.82 465
62 -123.26 -655.82 480
63 -123.26 -655.82 495
64 -123.26 -655.82 510
65 -123.26 -655.82 525
66 -123.26 -655.82 540
67 -123.26 -655.82 555
68 -123.26 -655.82 570
69 -123.26 -655.82 585
70 -123.26 -655.82 600
71 -123.26 -655.82 615
72 -117.85 -707.6 90
73 -117.85 -707.6 105
74 -117.85 -707.6 120
75 -117.85 -707.6 135
76 -117.85 -707.6 150
77 -117.85 -707.6 165
78 -117.85 -707.6 180
79 -117.85 -707.6 195
80 -117.85 -707.6 210
81 -117.85 -707.6 225
82 -117.85 -707.6 240
83 -117.85 -707.6 255
84 -117.85 -707.6 270
85 -117.85 -707.6 285
86 -117.85 -707.6 300
87 -117.85 -707.6 315
88 -117.85 -707.6 330
89 -117.85 -707.6 345
90 -117.85 -707.6 360
91 -117.85 -707.6 375
92 -117.85 -707.6 390
93 -117.85 -707.6 405
94 -117.85 -707.6 420
95 -117.85 -707.6 435
96 -117.85 -707.6 450
97 -117.85 -707.6 465
98 -117.85 -707.6 480
99 -117.85 -707.6 495
100 -117.85 -707.6 510
101 -117.85 -707.6 525
102 -117.85 -707.6 540
103 -117.85 -707.6 555
104 -117.85 -707.6 570
105 -117.85 -707.6 585
106 -117.85 -707.6 600
107 -117.85 -707.6 615
108 -154.97 -744.12 90
109 -154.97 -744.12 105
110 -154.97 -744.12 120
111 -154.97 -744.12 135
112 -154.97 -744.12 150
113 -154.97 -744.12 165
114 -154.97 -744.12 180
115 -154.97 -744.12 195
116 -154.97 -744.12 210
117 -154.97 -744.12 225
118 -154.97 -744.12 240
119 -154.97 -744.12 255
120 -154.97 -744.12 270
121 -154.97 -744.12 285
122 -154.97 -744.12 300
123 -154.97 -744.12 315
124 -154.97 -744.12 330
125 -154.97 -744.12 345
126 -154.97 -744.12 360
127 -154.97 -744.12 375
128 -154.97 -744.12 390
129 -154.97 -744.12 405
130 -154.97 -744.12 420
131 -154.97 -744.12 435
132 -154.97 -744.12 450
133 -154.97 -744.12 465
134 -154.97 -744.12 480
135 -154.97 -744.12 495
136 -154.97 -744.12 510
137 -154.97 -744.12 525
138 -154.97 -744.12 540
139 -154.97 -744.12 555
140 -154.97 -744.12 570
141 -154.97 -744.12 585
142 -154.97 -744.12 600
143 -154.97 -744.12 615
144 -206.66 -737.87 90
145 -206.66 -737.87 105
146 -206.66 -737.87 120
147 -206.66 -737.87 135
148 -206.66 -737.87 150
149 -206.66 -737.87 165
150 -206.66 -737.87 180
151 -206.66 -737.87 195
152 -206.66 -737.87 210
153 -206.66 -737.87 225
154 -206.66 -737.87 240
155 -206.66 -737.87 255
156 -206.66 -737.87 270
157 -206.66 -737.87 285
158 -206.66 -737.87 300
159 -206.66 -737.87 315
160 -206.66 -737.87 330
161 -206.66 -737.87 345
162 -206.66 -737.87 360
163 -206.66 -737.87 375
164 -206.66 -737.87 390
165 -206.66 -737.87 405
166 -206.66 -737.87 420
167 -206.66 -737.87 435
168 -206.66 -737.87 450
169 -206.66 -737.87 465
170 -206.66 -737.87 480
171 -206.66 -737.87 495
172 -206.66 -737.87 510
173 -206.66 -737.87 525
174 -206.66 -737.87 540
175 -206.66 -737.87 555
176 -206.66 -737.87 570
177 -206.66 -737.87 585
178 -206.66 -737.87 600
179 -206.66 -737.87 615
180 -234 -693.56 90
181 -234 -693.56 105
182 -234 -693.56 120
183 -234 -693.56 135
184 -234 -693.56 150
185 -234 -693.56 165
186 -234 -693.56 180
187 -234 -693.56 195
188 -234 -693.56 210
189 -234 -693.56 225
190 -234 -693.56 240
191 -234 -693.56 255
192 -234 -693.56 270
193 -234 -693.56 285
194 -234 -693.56 300
195 -234 -693.56 315
196 -234 -693.56 330
197 -234 -693.56 345
198 -234 -693.56 360
199 -234 -693.56 375
200 -234 -693.56 390
201 -234 -693.56 405
202 -234 -693.56 420
203 -234 -693.56 435
204 -234 -693.56 450
205 -234 -693.56 465
206 -234 -693.56 480
207 -234 -693.56 495
208 -234 -693.56 510
209 -234 -693.56 525
210 -234 -693.56 540
211 -234 -693.56 555
212 -234 -693.56 570
213 -234 -693.56 585
214 -234 -693.56 600
215 -234 -693.56 615
216 -216.4 -644.55 90
217 -216.4 -644.55 105
218 -216.4 -644.55 120
219 -216.4 -644.55 135
220 -216.4 -644.55 150
221 -216.4 -644.55 165
222 -216.4 -644.55 180
223 -216.4 -644.55 195
224 -216.4 -644.55 210
225 -216.4 -644.55 225
226 -216.4 -644.55 240
227 -216.4 -644.55 255
228 -216.4 -644.55 270
229 -216.4 -644.55 285
230 -216.4 -644.55 300
231 -216.4 -644.55 315
232 -216.4 -644.55 330
233 -216.4 -644.55 345
234 -216.4 -644.55 360
235 -216.4 -644.55 375
236 -216.4 -644.55 390
237 -216.4 -644.55 405
238 -216.4 -644.55 420
239 -216.4 -644.55 435
240 -216.4 -644.55 450
241 -216.4 -644.55 465
242 -216.4 -644.55 480
243 -216.4 -644.55 495
244 -216.4 -644.55 510
245 -216.4 -644.55 525
246 -216.4 -644.55 540
247 -216.4 -644.55 555
248 -216.4 -644.55 570
249 -216.4 -644.55 585
250 -216.4 -644.55 600
251 -216.4 -644.55 615
252 -174.32 -687.32 90
253 -174.32 -687.32 105
254 -174.32 -687.32 120
255 -174.32 -687.32 135
256 -174.32 -687.32 150
257 -174.32 -687.32 165
258 -174.32 -687.32 180
259 -174.32 -687.32 195
260 -174.32 -687.32 210
261 -174.32 -687.32 225
262 -174.32 -687.32 240
263 -174.32 -687.32 255
264 -174.32 -687.32 270
265 -174.32 -687.32 285
266 -174.32 -687.32 300
267 -174.32 -687.32 315
268 -174.32 -687.32 330
269 -174.32 -687.32 345
270 -174.32 -687.32 360
271 -174.32 -687.32 375
272 -174.32 -687.32 390
273 -174.32 -687.32 405
274 -174.32 -687.32 420
275 -174.32 -687.32 435
276 -174.32 -687.32 450
277 -174.32 -687.32 465
278 -174.32 -687.32 480
279 -174.32 -687.32 495
280 -174.32 -687.32 510
281 -174.32 -687.32 525
282 -174.32 -687.32 540
283 -174.32 -687.32 555
284 -174.32 -687.32 570
285 -174.32 -687.32 585
286 -174.32 -687.32 600
287 -174.32 -687.32 615
