mask amplitude charge time channelID X Y Z
0 0.387903 0.387903 17271.1 5 -167.12 -627.76 165
0 0.563523 0.563523 18437.2 10 -167.12 -627.76 240
0 0.424637 0.424637 15757.4 13 -167.12 -627.76 285
0 1.54853 1.54853 16002.8 22 -167.12 -627.76 420
0 0.853659 0.853659 14630.9 23 -167.12 -627.76 435
0 1.07243 1.07243 14767.9 25 -167.12 -627.76 465
0 0.979672 0.979672 14929.9 25 -167.12 -627.76 465
0 1.3621 1.3621 17876.8 26 -167.12 -627.76 480
0 1.40272 1.40272 15076.6 27 -167.12 -627.76 495
0 0.951221 0.951221 17309.3 34 -167.12 -627.76 600
0 0.878989 0.878989 14753 78 -117.85 -707.6 180
0 0.955412 0.955412 17864.3 78 -117.85 -707.6 180
0 1.39885 1.39885 16984.4 84 -117.85 -707.6 270
0 0.847117 0.847117 15112.4 113 -154.97 -744.12 165
0 0.694065 0.694065 18372 115 -154.97 -744.12 195
0 0.951118 0.951118 16651.3 118 -154.97 -744.12 240
0 1.26531 1.26531 16100.7 122 -154.97 -744.12 300
0 0.641226 0.641226 18640 127 -154.97 -744.12 375
1 0.179355 0.179355 16715 128 -154.97 -744.12 390
1 4.381 4.381 16726.3 129 -154.97 -744.12 405
0 0.97517 0.97517 16905.1 129 -154.97 -744.12 405
1 10.777 10.777 16754.4 130 -154.97 -744.12 420
0 0.0591181 0.0591181 16841.7 130 -154.97 -744.12 420
0 0.747029 0.747029 18432.5 130 -154.97 -744.12 420
1 3.26065 3.26065 16879.3 132 -154.97 -744.12 450
1 1.59366 1.59366 16942.9 133 -154.97 -744.12 465
1 2.79048 2.79048 17003.6 134 -154.97 -744.12 480
1 1.66742 1.66742 17069.7 135 -154.97 -744.12 495
1 1.4132 1.4132 17208.5 137 -154.97 -744.12 525
0 1.0776 1.0776 18634.7 137 -154.97 -744.12 525
0 1.06862 1.06862 15554.8 138 -154.97 -744.12 540
0 1.8009 1.8009 17877 143 -154.97 -744.12 615
0 0.561036 0.561036 17825.3 147 -206.66 -737.87 135
0 1.50123 1.50123 15570.2 150 -206.66 -737.87 180
0 1.19627 1.19627 14320.9 154 -206.66 -737.87 240
1 1.0167 1.0167 16331.5 157 -206.66 -737.87 285
1 2.93579 2.93579 16392.9 159 -206.66 -737.87 315
1 4.44479 4.44479 16429 160 -206.66 -737.87 330
1 2.55279 2.55279 16496.9 161 -206.66 -737.87 345
1 0.717044 0.717044 16552.7 162 -206.66 -737.87 360
0 1.67594 1.67594 17830.4 166 -206.66 -737.87 420
0 1.41864 1.41864 15942.7 170 -206.66 -737.87 480
0 0.802285 0.802285 16082.3 170 -206.66 -737.87 480
0 1.02961 1.02961 18574.7 170 -206.66 -737.87 480
0 1.69508 1.69508 18987.9 176 -206.66 -737.87 570
0 0.895938 0.895938 14453.1 178 -206.66 -737.87 600
0 0.642186 0.642186 16110.4 220 -216.4 -644.55 150
0 1.83435 1.83435 18554.2 221 -216.4 -644.55 165
0 1.23164 1.23164 18211.4 222 -216.4 -644.55 180
0 0.90543 0.90543 16438.6 225 -216.4 -644.55 225
0 0.714741 0.714741 15285.5 230 -216.4 -644.55 300
0 1.06208 1.06208 15960.3 249 -216.4 -644.55 585
0 0.891834 0.891834 14581.8 250 -216.4 -644.55 600
0 1.19683 1.19683 16277.3 251 -216.4 -644.55 615
0 0.873052 0.873052 18428 254 -174.32 -687.32 120
0 0.972969 0.972969 18890.2 254 -174.32 -687.32 120
0 1.48444 1.48444 15912.8 262 -174.32 -687.32 240
0 0.860158 0.860158 14142.6 276 -174.32 -687.32 450
